0
1536
3072
4096
5120
6144
7168
9216
10240
11776
12800
13824
14848
16896
18432
19968
22016
23040
24576
25600
26624
28160
29696
31232
32768
33792
34816
35328
36864
37376
38400
39936
40960
41984
43520
45056
46080
47616
48640
49664
50688
52224
53248
53760
54784
55808
56832
57856
58880
59904
60928
62464
63488
65024
66048
67584
69120
71168
72192
73216
74240
75776
76800
78848
80384
81408
82432
83968
85504
86528
87040
88576
89600
91136
91648
92672
93696
95232
96768
97280
98304
99328
99840
100864
102400
103424
104448
105472
106496
107520
109056
110592
111104
